accel_scale_0 = 0.999471
accel_scale_1 = 0.998339
accel_scale_2 = 0.999615
accel_offset_0 = 0.004593
accel_offset_1 = -0.015658
accel_offset_2 = -0.017631
gyro_scale_0 = 1.000000
gyro_scale_1 = 1.000000
gyro_scale_2 = 1.000000
gyro_offset_0 = -0.013868
gyro_offset_1 = 0.035778
gyro_offset_2 = -0.002434
mag_scale_0 = 2.692891
mag_scale_1 = 2.913900
mag_scale_2 = 1.506559
mag_offset_0 = -0.736273
mag_offset_1 = -1.134089
mag_offset_2 = -0.148827
